start,end,text
0.0,2.0,すみませんすみません
4.0,6.0,今ちょっと
8.0,10.0,なんか延長ができてなかったみたいで
10.0,12.0,申し訳ありませんでした
16.0,18.0,一人にさせないでください
18.0,20.0,俺をな
24.0,26.0,一人にさせないでください
26.0,28.0,俺をな
30.0,32.0,一人にしないでください
38.0,40.0,俺悩みなんもねえな
40.0,42.0,なんだろうな
42.0,44.0,心臓の病気ぐらいだな今
44.0,46.0,俺の悩み
46.0,48.0,心臓の病気がこれ以上
48.0,50.0,重くならないかなみたいな
50.0,52.0,しかも大した病気じゃねえしな
52.0,54.0,俺の不正脈って
54.0,56.0,しょうもない不正脈だからさ
56.0,58.0,そこだけ
58.0,60.0,大した病気じゃねえよ
60.0,62.0,先生から言わせれば
62.0,64.0,この程度ぐらいの
66.0,68.0,姉ちゃんも
68.0,70.0,所詮他人事だからね
70.0,72.0,家族といっても
72.0,74.0,四六時中一緒にいるわけじゃないし
74.0,76.0,他人事だからね
76.0,78.0,全然余裕
78.0,80.0,本当ないんだよね特に
80.0,82.0,彼女もいるし
82.0,84.0,仕事もあるし
84.0,86.0,何にもねえんだよな
86.0,88.0,友達も少ないながらもいるし
88.0,90.0,趣味も比較的充実してるし
92.0,94.0,結婚とかちょっと今
94.0,96.0,考えたくない
96.0,98.0,考えたくありません
102.0,104.0,何にもねえよな
104.0,106.0,逆に欲望がない
106.0,108.0,刺激はないけど
108.0,110.0,でもそういう
110.0,112.0,恋に恋するみたいな
112.0,114.0,しかもそういう人間大っ嫌いだから
114.0,116.0,安定生活と情緒の安定
116.0,118.0,俺人生のテーマにしてるからさ
122.0,124.0,なのでこのまま
124.0,126.0,ゆっくりとゆっくりと
126.0,128.0,そしおいていきたいですね私は
128.0,130.0,ゆっくりとゆっくりと
132.0,134.0,俺お酒とかあれだな
134.0,136.0,全然興味ないからさ
136.0,138.0,尿路血跡の種が見つかって
138.0,140.0,医者に確保しておいてくださいねって言われたのが
140.0,142.0,不安で仕方がない
142.0,144.0,なんで先生もそんなこと言うの
144.0,146.0,覚悟しておいてくださいねって
146.0,148.0,そんな風にさ不安を煽るようなこと言わないで
148.0,150.0,よくない
150.0,152.0,一般にあったんだこいつ
152.0,154.0,なんかあれだよなアメリカ人
154.0,156.0,アメリカ中国のサーバーのやつ
156.0,158.0,プレミアムだったよな
158.0,160.0,キレてるぞお前プレアカが
164.0,166.0,アメリカの民
166.0,168.0,別人の可能性があるのか
168.0,170.0,なるほど
170.0,172.0,最近ドーナツ巡りしてねえな
174.0,176.0,ドーナツ巡りしてないね
176.0,178.0,全然
180.0,182.0,キレてねえかごめんごめん
182.0,184.0,なんかぐしゃぐしゃ
184.0,186.0,ぐしゃぐしゃになってた俺の脳内が
188.0,190.0,お前まついにアイスバケツチャレンジ
190.0,192.0,絶対嘘だよまつい屋しかもやらねえよ
194.0,196.0,いつもいつも他人ばかりデスレガやって許さないぞ
196.0,198.0,お前勝負しろ
198.0,200.0,まずお前な
200.0,202.0,外で働いて俺と同じフィールドになってから勝負してやれよ
202.0,204.0,クズが
206.0,208.0,俺が悪口言っている人間のカテゴリーに
208.0,210.0,てめえは入ってねえんだよ
210.0,212.0,まず人人間の義務を果たしてから
212.0,214.0,俺に勝負挑んでこい
214.0,216.0,同じ同票に立てると思うなよまずは
216.0,218.0,黒猫のコミュニンズが
218.0,220.0,シリアの人口を2倍たらしたしてない
220.0,222.0,なんだそれ
224.0,226.0,視聴者を煽ったら高田さん
226.0,228.0,本気で言った今
228.0,230.0,正真正銘ぶつかってった
232.0,234.0,視聴者に小話させる
234.0,236.0,俺がトイレ行くときだけでしょ
236.0,238.0,トイレ行くときだけでしょ
238.0,240.0,まだトイレ行かない
242.0,244.0,新社会人だけど仕事覚えられん
244.0,246.0,別にいいじゃんゆっくりさ
246.0,248.0,覚えていけばよくないか
248.0,250.0,しばらくは雑談しかしませんか
250.0,252.0,2月までは
252.0,254.0,雑談しかしないかな
254.0,256.0,あと半年
256.0,258.0,半年間は雑談地獄で
260.0,262.0,行こうかなと思います
262.0,264.0,すみません紅白歌合戦は
264.0,266.0,すみません
266.0,268.0,紅白歌合戦になっちゃった
268.0,270.0,なんだっけあれの名前
270.0,272.0,あれなんだっけ
272.0,274.0,紅白クソ合戦だっけ
274.0,276.0,本家本元の
276.0,278.0,クソ合戦ですすみません
278.0,280.0,紅白クソ合戦
280.0,282.0,分かった
282.0,284.0,はっきりしようぜ
284.0,286.0,テーマは俺だけど
286.0,288.0,男性側の動画と
288.0,290.0,女性側の動画で競わせようぜ
290.0,292.0,それよくない
294.0,296.0,それではっきりしようぜ
296.0,298.0,テーマはうんこじゃんだけど
298.0,300.0,男性側の動画と
300.0,302.0,女性側の動画で
302.0,304.0,静寂さが
304.0,306.0,静寂さが
306.0,308.0,男性側と女性側に分かれて
308.0,310.0,それで決めようよ
312.0,314.0,よろしく
316.0,318.0,前回のチャンピオンは
318.0,320.0,女なのマジか
320.0,322.0,女性も頑張って送ってきてね
322.0,324.0,マジでよろしくネカマオッケーじゃない
326.0,328.0,ちゃんとパスポートの
328.0,330.0,身分証明付きで
330.0,332.0,一つよろしくお願いします
334.0,336.0,パスポート持参で参加してください
338.0,340.0,勝った方は
340.0,342.0,そちら側の言うこと
342.0,344.0,全部聞くね
346.0,348.0,女性を背負って立ってきてくれ
348.0,350.0,女性を背負って
350.0,352.0,12月31日
352.0,354.0,会社の上司に無視されるんだけど
354.0,356.0,どうしたらいいかな
356.0,358.0,でもそこは
358.0,360.0,自分が大人になって
360.0,362.0,対処するのが一番なんじゃない
364.0,366.0,審査員はみんなでしょ
366.0,368.0,ヘコキが
368.0,370.0,お前とパワープロしたいけど
370.0,372.0,連絡先分からないって言った
372.0,374.0,連絡先教えなきゃ
374.0,376.0,ちょっとやだよそれは
378.0,380.0,いきなり友達みたいになってる
380.0,382.0,俺パワープロ持ってないぞ
384.0,386.0,持ってないよ
386.0,388.0,しかもオンラインでやりたくないんだ
388.0,390.0,会って直接やろうぜ
392.0,394.0,会って直接やろう
394.0,396.0,その方が絶対楽じゃん
396.0,398.0,オンラインでやりたくないんだよ
398.0,400.0,オンラインで
400.0,402.0,2014買おうかな
402.0,404.0,英館あるんだったら
406.0,408.0,あいつカメイド
408.0,410.0,カメイドって言われてもどっか分かんない
410.0,412.0,今うんこちゃんの放送
412.0,414.0,男と女どっちがいいの
414.0,416.0,分かんないんだよね
416.0,418.0,アンケート取ると男性の方が多いんだけど
418.0,420.0,実際は分からないじゃん
420.0,422.0,実情はさ
422.0,424.0,真剣なパワープロトーナメントも見てみたいな
424.0,426.0,誰かが企画してよ
426.0,428.0,俺そうしたら立候補するよ
428.0,430.0,マジで
430.0,432.0,立候補するよ
432.0,434.0,カメイドとか禁止庁の隣
434.0,436.0,そうなんだ
436.0,438.0,銀座に近いってこと
438.0,440.0,銀座の裏が禁止庁だもんね
440.0,442.0,比較的あれなんだ
444.0,446.0,じゃあやろうよ
446.0,448.0,ヘコキチ
448.0,450.0,モコの視聴者の
450.0,452.0,9割が男だったって
452.0,454.0,ヘコキチやろうぜパワープロ
456.0,458.0,お前が企画するやだ
458.0,460.0,パワープロやろうぜ
460.0,462.0,その代わり
462.0,464.0,新しいパワープロできないからさ
464.0,466.0,パワープロの
466.0,468.0,2000
470.0,472.0,ヘコキチ32歳か
472.0,474.0,そこは敬語なしで
474.0,476.0,放送上は敬語なしでいきたいね
476.0,478.0,放送終わったら俺ちゃんと敬語で喋るから
478.0,480.0,あいつ絶対会ってはやらない
480.0,482.0,って言ってる奴どんだけモンスターなんだよ
482.0,484.0,俺クソネタにするぞ多分
484.0,486.0,おいヘコキチの顔が
486.0,488.0,牛魔王みたいだったぞ
488.0,490.0,いじっちゃうからなやめよう
490.0,492.0,じゃあちょっとオンラインで
492.0,494.0,俺すぐさ
494.0,496.0,他人の様子の丸口いっちゃうからさ
496.0,498.0,やめる
498.0,500.0,それはやっぱモラルが俺ないって思われてるからさ
500.0,502.0,でも俺
502.0,504.0,ヘコキは
504.0,506.0,相苦しい顔してると思うんだよな
508.0,510.0,相苦しい顔してると思うな
510.0,512.0,最近パワープロじゃなくてさ
512.0,514.0,他のことやりたくない
514.0,516.0,ヘコキって何やってんの最近
516.0,518.0,何やってんの
518.0,520.0,ポケモン
520.0,522.0,あ、最近放送してる
522.0,524.0,パワープロはさ
524.0,526.0,お互いやり尽くしてる
526.0,528.0,マリオカードちょっとやだな
528.0,530.0,リズム天国か
530.0,532.0,放送でネタにされるから
532.0,534.0,こっちから連絡しないって言ってた
534.0,536.0,めちゃめちゃ空気込めてるじゃねーかよ
536.0,538.0,めちゃめちゃ空気込めてるじゃねーかよ
538.0,540.0,しかも俺の方が
540.0,542.0,年下だから
542.0,544.0,俺の方が行った方がいいしね
544.0,546.0,いいよね
546.0,548.0,なんかちょっとやりたいな
548.0,550.0,パワープロでいっか
550.0,552.0,どういう空気でさ
552.0,554.0,パワープロやっていいか分かんねーんだよな
554.0,556.0,やろうやろうよ
558.0,560.0,めっちゃ気使いだよね
560.0,562.0,ちょっとやろうよ本気で
562.0,564.0,パワープロ
564.0,566.0,勝負しよう
568.0,570.0,誰とやるつもりなの
570.0,572.0,なんか世界のヘコキ隊
572.0,574.0,あいつガチ勢だから気をつけろ
574.0,576.0,それが怖いんだよな
576.0,578.0,お前はヘコキの配信どれよ
578.0,580.0,パワープロやってた時はちょくちょく見てたよ
580.0,582.0,なんかあのー
582.0,584.0,パワー引いてすごいやつやってる
584.0,586.0,っていうのが
586.0,588.0,見てたよたまに
594.0,596.0,最近はちょっとまだ見てないんだよね
596.0,598.0,あいつがガチなんじゃなくて
598.0,600.0,あいつのリスナーがガチ
600.0,602.0,なんかかわいそうでさ
602.0,604.0,奴隷のように枠取らされてさ
604.0,606.0,ドラクエ5のさ
606.0,608.0,塔を建ててる奴隷たちみたいに
608.0,610.0,無知でさ
610.0,612.0,視聴者に引っ叩かれてさ
612.0,614.0,ごめんごめん
614.0,616.0,って言いながらやってる
616.0,618.0,もう俺救ってあげなくて
618.0,620.0,なんでこんな悪口言ってんだよみんなよ
620.0,622.0,みたいな
622.0,624.0,それで俺は涙してた
624.0,626.0,楽しいって言ってるぞ
626.0,628.0,言わざるを得ないじゃん
630.0,632.0,言わざるを得ないじゃん
632.0,634.0,じゃない?
634.0,636.0,ずっとごめんごめん
636.0,638.0,笑ってほーほーほー
638.0,640.0,ってさ
640.0,642.0,心は泣いてるのに
642.0,644.0,ヨッサもなぜか叩かれてる
644.0,646.0,あいつだって叩かれるヨッサしかねーじゃねーかよ
646.0,648.0,お前ヘコキタイとヨッサ一緒すんじゃねーよ
648.0,650.0,さすがに
650.0,652.0,共通点はデブ
652.0,654.0,デブなだけだろ
658.0,660.0,デブってところだけじゃない
660.0,662.0,褒めるとこはねーじゃんな
664.0,666.0,だよね
666.0,668.0,なかなかでも
670.0,672.0,どういうゲームでなんか勝負していいかわかんないよね
674.0,676.0,ヘコキタイ愛想笑いめっちゃうまいよな
676.0,678.0,俺の中で二大愛想笑いうまいランキング
678.0,680.0,二大巨頭がいて
680.0,682.0,ヘコキタイとツアハス
682.0,684.0,もうあいつらは
684.0,686.0,愛想笑いだけで食ってるみたいな
688.0,690.0,ツアハスの愛想笑い聞くとさ
690.0,692.0,もうかわいそうになっちゃって
692.0,694.0,もういいんだよあげなくて
694.0,696.0,だから
696.0,698.0,宝なんかまたちょっと違うんだよ
700.0,702.0,間埋めたくなっちゃうんだよね
702.0,704.0,こういう常に喋ってないとさ
708.0,710.0,こういう沈黙ってさ
710.0,712.0,生放送しててさ苦しいじゃん
714.0,716.0,一生の気持ちなんだと思うんだよね
716.0,718.0,俺も笑っちゃってるもん
720.0,722.0,心のどこかで
722.0,724.0,俺はあんまりそういうの気にしなくなったけど
724.0,726.0,心のどこかでさ
726.0,728.0,間を頑張って埋めなきゃみたいな
732.0,734.0,愛想笑いってわかる時点でうまくないだろ
734.0,736.0,いやでもこれは愛想笑いだろみたいなさ
738.0,740.0,空笑いしながら面白いなってツアハスの状態
740.0,742.0,そうなんだ
744.0,746.0,共通点かもしれないね
746.0,748.0,笑顔が
748.0,750.0,笑顔がさ
752.0,754.0,ヘコギの雑談枠3分の2が沈黙だ
754.0,756.0,お前それ雑談枠じゃねえじゃねえかよ
756.0,758.0,沈黙枠じゃねえかよ
758.0,760.0,沈黙してるだけじゃねえかよ
762.0,764.0,お前も愛想笑いうまくない
768.0,770.0,お前ツアハス好きすぎだろ一番になってんじゃねえか
770.0,772.0,でもあの人以上に
772.0,774.0,俺のツボをつくさ
774.0,776.0,実況者があんまりいないんだもん
776.0,778.0,ひねくれてるってかそうじゃない
778.0,780.0,逆に教えてよランキング上がるのさ
780.0,782.0,SSPアブってレトルトだけじゃん
782.0,784.0,でテラゾーがたまに上がってきたりさ
788.0,790.0,セピア昔の動画のほうが好きだな
798.0,800.0,テラゾー最近好きだね
800.0,802.0,マリカ見てただけだよ
802.0,804.0,ちょっとごめんね
804.0,806.0,NG入れてるわけじゃねえからよ
806.0,808.0,許してくれな
810.0,812.0,ごめんごめん
818.0,820.0,ごめんごめん
824.0,826.0,すいませんすいません
828.0,830.0,闇しこさせてくださいね
830.0,832.0,闇しこ
832.0,834.0,セピアは真一家に厳しく指導されている
834.0,836.0,なんかあれなんだね
836.0,838.0,周りと絡むようになったんだね
838.0,840.0,なんか嬉しいよ
842.0,844.0,あんなにさ
844.0,846.0,何がいきなり彼を操作したんだろうね
846.0,848.0,いきなり友達ができるようになって
848.0,850.0,ないか
852.0,854.0,孤高の存在だったのに
856.0,858.0,今たぶんねえさっていうかさ
858.0,860.0,おやつもらって喧嘩してるんだよ
864.0,866.0,楽しさを見出したんだろうな
866.0,868.0,俺うんこひとつ言ってたから
868.0,870.0,他の話とか全くわかんないよ
870.0,872.0,勉強してくれ今
872.0,874.0,勉強してくれ
874.0,876.0,結局今までで一番好きな実況者
876.0,878.0,誰だろうな考えたことないな
878.0,880.0,でも今だったら俺自信持ってツバ発てるな
880.0,882.0,動画見てる本数が圧倒的に一時だもん
882.0,884.0,リアルタイムで楽しみに
884.0,886.0,更新楽しみにしてるって
886.0,888.0,俺いまだかつなかったからさ
888.0,890.0,FF9とかもう
890.0,892.0,毎日上げろよって思ってるもん
892.0,894.0,他の動画更新後回しにして
894.0,896.0,FF9上げろよって思ってる
896.0,898.0,今でも
898.0,900.0,キングダムハート見てない
900.0,902.0,セントス正直見てるな
902.0,904.0,セントス正直見てる
904.0,906.0,大型ゲーム嫌いじゃないんだけどさ
906.0,908.0,家で買えないんだよな
908.0,910.0,お前の笑いの都合わからんわ
910.0,912.0,じゃあ別にさ
912.0,914.0,ああいうさクセのないっていうか
914.0,916.0,普通に喋りながら実況してるって
916.0,918.0,よくない
918.0,920.0,よくないめっちゃ
920.0,922.0,よくないめっちゃ
924.0,926.0,なんだよそれ
926.0,928.0,いいじゃねえかよ
930.0,932.0,犬どうしたんだろう
932.0,934.0,心配
934.0,936.0,犬が心配
938.0,940.0,試練も全部見たよ
942.0,944.0,大丈夫?
944.0,946.0,何喧嘩?
946.0,948.0,何だよ
948.0,950.0,なんでリアクションがねえんだよ
952.0,954.0,ゴルちゃんがなんか
954.0,956.0,いじめてんじゃねえか
956.0,958.0,大丈夫か
958.0,960.0,ゴルちゃん
960.0,962.0,大丈夫
964.0,966.0,無視すんな
972.0,974.0,闇が深いな
976.0,978.0,あの今閉めたわ
978.0,980.0,扉を
980.0,982.0,もしかしたら
982.0,984.0,食われてるかもしれないな今
984.0,986.0,いいやそしたら
986.0,988.0,そしたらいいやちょうど
990.0,992.0,ちょうどいいや
992.0,994.0,捕食されてるんだろうな今
994.0,996.0,犬に食われてんじゃないのか
996.0,998.0,ニコ生やりすぎとか
998.0,1000.0,何がイケねえんだよニコ生やって
1000.0,1002.0,ニコ生することはイケねえことなのか
1002.0,1004.0,明日ディズニーランド行く約束
1004.0,1006.0,ディズニーランド行く約束
1006.0,1008.0,しながらたぶんそれで怒ってんだ
1008.0,1010.0,また朝寝坊するんだよ
1010.0,1012.0,俺が
1012.0,1014.0,それがイケねえんだよ
1014.0,1016.0,普通ディズニー行く日の
1016.0,1018.0,前日の夜
1018.0,1020.0,夜中にさニコ生なんかやんないでよ
1020.0,1022.0,っていう至極
1022.0,1024.0,真っ当な主張だろうな
1024.0,1026.0,さてとそろそろ寝よっかな
1026.0,1028.0,明日ちょっと朝早いしみんな
1028.0,1030.0,あと15分でこの枠終わりだ
1030.0,1032.0,明日朝早いから
1032.0,1034.0,ぼちぼちな
1034.0,1036.0,明日すげえ大事な
1036.0,1038.0,予感だ
1038.0,1040.0,無理だよ
1040.0,1042.0,さすがに
1042.0,1044.0,おめえらの気持ちも分かるけど
1044.0,1046.0,ニコ生より大事なことがあるんだよ明日
1046.0,1048.0,とりあえずあと
1048.0,1050.0,15分で風呂入って寝るわ
1050.0,1052.0,よいしょ
1056.0,1058.0,いやちょっと俺も
1058.0,1060.0,イケねえところがあるわ
1062.0,1064.0,一応今120分延長してあるけど
1070.0,1072.0,120分延長してあるから
1072.0,1074.0,最悪2時には寝る
1074.0,1076.0,だってニコ生楽しいし
1076.0,1078.0,普通に
1080.0,1082.0,もったいねえからな
1088.0,1090.0,どれから乗るとか話す時間だよな
1090.0,1092.0,朝一で行くってことはさ
1092.0,1094.0,6時とか7時くらいに起きんじゃん
1094.0,1096.0,だからもう
1096.0,1098.0,23時には布団に入ってさ
1098.0,1100.0,たぶんニコ動でも見ながら
1100.0,1102.0,ちょっと明日何乗るみたいな
1102.0,1104.0,Cにするランドにするみたいなさ
1104.0,1106.0,一番の時間帯なのにさ彼氏がニコ生やってさ
1106.0,1108.0,行きがてたらそれ起こるよ誰でも
1110.0,1112.0,それは普通な
1112.0,1114.0,明日雨なの?
1114.0,1116.0,マジかよ
1116.0,1118.0,やべえな
1118.0,1120.0,しかも29なのに
1122.0,1124.0,前はちなみに俺ディズニーランド
1124.0,1126.0,8時間寝坊したことある
1126.0,1128.0,前日にドラクエ5を4時までやってて
1128.0,1130.0,3時間寝ればいいやと思ってたけど
1130.0,1132.0,起きたら昼の2時くらいで
1132.0,1134.0,くっそーに寝かかってた
1134.0,1136.0,着陸が埋まってた彼女で
1140.0,1142.0,まあいいだろ
1142.0,1144.0,ディズニーランドが少なくとも
1144.0,1146.0,ドラクエの方が面白いし
1146.0,1148.0,ドラクエも大して好きじゃねえけど
1148.0,1150.0,ディズニーランドより面白いし
1154.0,1156.0,あのしんすけの動画も上がるし
1156.0,1158.0,今日しんすけ動画上げるの
1158.0,1160.0,1時で
1160.0,1162.0,見てから寝よう
1162.0,1164.0,一応告知しときます
1168.0,1170.0,寝ようよニキビ巻き
1170.0,1172.0,そうだな
1172.0,1174.0,11時15分に
1174.0,1176.0,ちょっと終わりますね
1176.0,1178.0,今日は
1178.0,1180.0,11時15分に終わります
1182.0,1184.0,ディズニーランド無くなるのとニコ生ができないのどっちがいいや
1184.0,1186.0,別にディズニーランド無くなったら
1186.0,1188.0,俺何のダメージもないんだけど
1188.0,1190.0,ニコ生無くなったらニコ生できねえけど
1190.0,1192.0,じゃねえ
1196.0,1198.0,お前ゾンビになったらええ?
1198.0,1200.0,なんでゾンビになったらっていうさ
1200.0,1202.0,あれが入るんだよ
1204.0,1206.0,別にゾンビにならなくてもニコ生してるだろ
1208.0,1210.0,ニコ生無くなったらユースト
1210.0,1212.0,分かんねえ
1212.0,1214.0,知らないその時一番流行ってるサイトで
1214.0,1216.0,なんか適当にやんじゃねえの
1216.0,1218.0,分かんねえけど
1226.0,1228.0,じゃね
1228.0,1230.0,彼女の会社がブラックなんだけど
1230.0,1232.0,俺に何ができる
1232.0,1234.0,別にやめておめえが養ってやればいいじゃん
1236.0,1238.0,おめえが養ってやればよくないか
1242.0,1244.0,そうなんだけどね
1244.0,1246.0,ちょっと失敗しちゃった
1248.0,1250.0,おめでとうと言ってたよ
1250.0,1252.0,すごいクリアできたんだって
1252.0,1254.0,ちょくちょく見てたみたいだしね
1254.0,1256.0,いつまでにするの
1257.0,1259.0,生まれて初めて風雷の試練やったけど面白いな
1259.0,1261.0,寝れねえわおまえ
1261.0,1263.0,まあいいや
1266.0,1270.0,ID真っ赤になるまでニコ生荒らし尽くしてたどり着いたのが風雷の試練だったが
1270.0,1272.0,身近なところにやっぱり幸せってあるだろ
1274.0,1276.0,身近なところに
1278.0,1280.0,じゃないか
1280.0,1282.0,もっと目を向けたほうがいいんじゃないか
1282.0,1286.0,俺Fランで会社ですごいいじられて嫌なんだけど
1286.0,1288.0,どうしたらいい?
1288.0,1290.0,お前の大学
1290.0,1292.0,お前ってFラン卒業だよなっていじられんの
1292.0,1294.0,そんなこと言うやついるの
1294.0,1296.0,すっごい
1296.0,1298.0,人生の
1298.0,1300.0,なんか
1300.0,1302.0,教養のないやつらがいるんだねそんなね
1304.0,1306.0,先輩って教養ないっすねって
1306.0,1308.0,ってなんか生主が言ってました
1308.0,1310.0,めっちゃ教養なくないそんなの
1310.0,1312.0,鷹が走れてるような
1312.0,1314.0,絶対そんな大学出てないよな
1314.0,1316.0,そうだよな
1316.0,1318.0,そんなさ
1318.0,1320.0,俺と同じ職場で働いてるお前らも
1320.0,1322.0,対外だよって言ったらいいじゃん
1324.0,1326.0,大学生でもいいんだよな
1326.0,1328.0,そういう奴らに限って
1328.0,1330.0,マーチできたりはすごいけどさ
1330.0,1332.0,そんな馬鹿にするようなところってないよな
1336.0,1338.0,同レベルだよな
1340.0,1342.0,同じ穴の無人のだよね
1342.0,1344.0,コメントするときうんこに好かれようと
1344.0,1346.0,よく見せようとしてしまう
1346.0,1348.0,お前それ恋じゃねえかよ
1348.0,1350.0,ちょっと嘘ついちゃうって
1350.0,1352.0,恋じゃん俺に対する恋心じゃん
1352.0,1354.0,淡いほの字じゃん俺に
1356.0,1358.0,立派な大学出た先輩と一緒に働きて
1358.0,1360.0,嬉しいっすって言っとけ
1360.0,1362.0,なんかその
1362.0,1364.0,煽りもなんか気づかなそう
1364.0,1366.0,そのなんか嫌味もさ
1366.0,1368.0,嫌味として取らなそう
1370.0,1372.0,俺も他の人6大学以上だけど
1372.0,1374.0,俺Fラン以下だよ
1374.0,1376.0,すごいじゃん
1376.0,1378.0,火入れてる部分があるってことでしょ
1378.0,1380.0,誇りにもってよくない
1382.0,1384.0,いいじゃないか
1386.0,1388.0,だよね
1388.0,1390.0,むしろ自信持ってよくない
1390.0,1392.0,こいつら一生懸命勉強してたのに
1392.0,1394.0,俺とタメグレーかよみたいな
1394.0,1396.0,全然
1400.0,1402.0,今悠々白書見てるんだけど
1402.0,1404.0,うんこの好きな話はどこ
1404.0,1406.0,全部好きだよ
1406.0,1408.0,端から端まで
1408.0,1410.0,昔は面白かったんだよ
1410.0,1412.0,アニメも
1416.0,1418.0,Fラン企業ってあるの
1418.0,1420.0,ぐしゃぐしゃだな
1420.0,1422.0,ブラック企業じゃないの
1422.0,1424.0,ブラック企業ってこと
1426.0,1428.0,そんな俺単語知らないんだけど
1428.0,1430.0,意味不明だよね
1430.0,1432.0,お前絶対適当なこと言ってんだろ
1434.0,1436.0,混ざっちゃってるよね
1438.0,1440.0,親の会社の関連の会社に就職するか
1440.0,1442.0,転職するのが決まって
1442.0,1444.0,今無職だわ
1444.0,1446.0,そういう大人になってからのモラトリアも大事にしようぜ
1448.0,1450.0,ランク入ってるだけ有名な会社なんだな
1450.0,1452.0,なるほど
1452.0,1454.0,慶応じゃねえだろそもそも
1454.0,1456.0,夢見てるのかもしんないな
1456.0,1458.0,金梅って大卒なの
1458.0,1460.0,大卒なわけねえじゃねえか
1460.0,1462.0,よく見ろ高校出れる顔してねえじゃねえか
1464.0,1466.0,あいつが大卒なわけねえじゃねえか
1466.0,1468.0,俺知らねえけどあいつ中卒だよ100%
1468.0,1470.0,中学出てるかどうかも分かんねえやん
1472.0,1474.0,確実に高校は出てねえだろ
1476.0,1478.0,電車止めねえだろそんな
1478.0,1480.0,嬉しがりながら
1484.0,1486.0,でもあいつ今50万稼いでるって噂が
1486.0,1488.0,すげえなんか
1488.0,1490.0,意気がってするね金梅
1490.0,1492.0,金梅とスカイプしてえよ
1496.0,1498.0,金梅とスカイプしてえよ
1498.0,1500.0,最近頑張ってんの金ちゃん
1502.0,1504.0,可愛いからさ
1504.0,1506.0,月50万ぐらい稼いでるらしいよ
1506.0,1508.0,今金梅
1510.0,1512.0,金梅に嫌われたんじゃないの
1512.0,1514.0,俺さ一番ムカつくんだけど
1514.0,1516.0,なんであんなゴミに嫌われなきゃいけねえんだよ
1516.0,1518.0,みたいなさ
1518.0,1520.0,人としてなんかものすごいけなされた
1520.0,1522.0,ものすごい俺のプライドが傷つけられるんだけど
1522.0,1524.0,金梅に嫌われるってもう
1526.0,1528.0,最低だろマジで
1528.0,1530.0,あいつ
1530.0,1532.0,あいつに嫌われ
1532.0,1534.0,見れるよはっきりってそんなの
1534.0,1536.0,なんでてめえに嫌われなきゃいけねえんだよ
1538.0,1540.0,中卒にダメられる
1540.0,1542.0,中卒は別にあれだけどどうでもいいけどさ
1542.0,1544.0,なんで俺が金梅に嫌われなきゃいけねえんだよ
1546.0,1548.0,よっさんに嫌われるのはどうでもいいのに
1548.0,1550.0,別に
1550.0,1552.0,嫌われては痛くないけど
1552.0,1554.0,疲れては痛いけど
1554.0,1556.0,決して交わることはないじゃん俺とよっさんは
1556.0,1558.0,多分
1558.0,1560.0,なんかねお互いの枠で
1560.0,1562.0,言ってるのがちょうどいいっていうか
1564.0,1566.0,普通なら金梅みたいなゴミに嫌われても
1566.0,1568.0,なんとも思わないのに気にするってこと
1568.0,1570.0,お前は金梅の音好きなんだよそうなんだろうな
1570.0,1572.0,悔しいな金梅になんか嫌われたら
1574.0,1576.0,あいつクソネタねえとき
1576.0,1578.0,俺の
1578.0,1580.0,カエルのテーマをよ
1580.0,1582.0,1時間半ぐらい流してたのによ
1584.0,1586.0,こっちは内心嫌いだけど相手からは好かれてる
1586.0,1588.0,って状況が好き
1588.0,1590.0,まあ両方好きなのがいいんじゃないの
1590.0,1592.0,最近金梅アイドルみたいになってる
1592.0,1594.0,なんかツイキャスでめっちゃ人集めてんだよね
1594.0,1596.0,1000人2000人
1596.0,1598.0,あいつ
1598.0,1600.0,雑税で捕まるよな分かんねえ
1600.0,1602.0,いくらもらってんのか分かんねえや
1602.0,1604.0,まあ確実に税金は
1604.0,1606.0,納めてねえよな
1606.0,1608.0,100%
1608.0,1610.0,ニコ生でそんな
1610.0,1612.0,お金集めてるようなやつってさ
1612.0,1614.0,雑用税金関連は
1614.0,1616.0,納税は100%してないでしょ
1618.0,1620.0,してない?
1620.0,1622.0,してねえよな多分ね
1624.0,1626.0,金梅はお前外部でやる気出さないから嫌いって
1626.0,1628.0,言ってたのは別に変わんねえよ
1630.0,1632.0,ニコ生も今こんな感じじゃん
1632.0,1634.0,石川との企画ってどうだったか分かんねえ
1634.0,1636.0,俺石川に占められるのやめてくれよ
1636.0,1638.0,関わっちゃいけない二大生主として
1638.0,1640.0,俺石川の力上げてんのに香川と石川
1640.0,1642.0,なぜかって言うと怖い
1642.0,1644.0,単純に口が達者のやつと
1644.0,1646.0,絡むと怖いから
1646.0,1648.0,正直に言うから許してくれよ
1648.0,1650.0,俺怖いんだよなんか
1650.0,1652.0,言いくるめられそうで
1652.0,1654.0,怖いんだよ
1654.0,1656.0,マジで
1656.0,1658.0,柴田と石川ならどっちがいい?両方怖ええやん
1658.0,1660.0,なんか喧嘩が怖そうっていうかさ
1664.0,1666.0,怖くね?
1668.0,1670.0,みんな怖くないの?
1670.0,1672.0,俺は怖いよ単純に
1676.0,1678.0,口喧嘩だと相手に分があるな
1678.0,1680.0,ほんとにあの辺ってさ
1680.0,1682.0,口喧嘩強いからね
1682.0,1684.0,動画見てるとこっちが汗かいちゃうもん
1688.0,1690.0,ウキョチがウコじゃねえって言ってたら絶対嘘
1690.0,1692.0,あいつなんか人の悪口とか絶対言わなそうだもん
1696.0,1698.0,見ていいな感じだろ
1702.0,1704.0,そんな感じだろ
1704.0,1706.0,そんな感じだろ
1706.0,1708.0,ウキョチって言うの?
1708.0,1710.0,人の悪口言うとかゴミじゃんはっきり言って
1712.0,1714.0,人の悪口言う奴ってゴミだぞ
1714.0,1716.0,おテント様が許しても
1716.0,1718.0,俺許さねえぞマジで
1720.0,1722.0,いや俺は許さないよ
1722.0,1724.0,確実に
1726.0,1728.0,俺は許さないよ
1728.0,1730.0,リアルに
1730.0,1732.0,人の悪口言う奴とかマジで一番許せねえから
1732.0,1734.0,俺リアルに
1736.0,1738.0,尊厳
1738.0,1740.0,人としてのなんかその
1740.0,1742.0,核の部分を傷つけるっていうか
1742.0,1744.0,あいつカガワとエロいプしてるのに
1744.0,1746.0,自分で言うプ
1746.0,1748.0,違えんだって
1748.0,1750.0,裏にカガワとか散らすかせっから
1750.0,1752.0,俺がウキョチの悪口言えねえんだって
1752.0,1754.0,あいつのバックにカガワ付いてんだろ
1754.0,1756.0,それが一番腹立つわ
1756.0,1758.0,カガワを盾にさ
1758.0,1760.0,クソババアマジで
1764.0,1766.0,カガワとはもう絶縁してるぞ
1766.0,1768.0,あーじゃあ乗り込もうぜマジで
1768.0,1770.0,カガワとウキョチの演技って
1770.0,1772.0,なんか嘘そうなんだもん
1772.0,1774.0,嘘だろ
1778.0,1780.0,クソ野郎マジで
1784.0,1786.0,ウンコちゃん聞いたことある
1786.0,1788.0,ブボブボって昨日言ってたぞ
1788.0,1790.0,ありがとうって言っといて
1792.0,1794.0,傷つけといてくれ
1794.0,1796.0,ウンコちゃんウキョチのことすげー好きって言ってたのに
1796.0,1798.0,言っといて
1800.0,1802.0,なんかそういうこと言うんだな
1802.0,1804.0,お前って普通に言っといてくれ
1806.0,1808.0,なんかその視聴者に踊らされて
1808.0,1810.0,そういうこと言っちゃうんだなって
1810.0,1812.0,キレイよな
1816.0,1818.0,ウンコちゃんがカガワの悪口言ったの
1818.0,1820.0,俺言ってねーじゃねーかよ
1820.0,1822.0,俺カガワだけには
1822.0,1824.0,悪口言わねーぞ
1824.0,1826.0,なんでかって言うと怖いから
1826.0,1828.0,怖い
1830.0,1832.0,夏になったら話せる
1832.0,1834.0,面白い話があるって言ってたけどもう話した
1834.0,1836.0,それ多分ふとんちゃんの
1836.0,1838.0,誕生日の話だろうな
1838.0,1840.0,忘れちゃった
1842.0,1844.0,忘れちゃった
1844.0,1846.0,カガワ多分俺の1個上だと思うよ
1848.0,1850.0,カガワウンコちゃんごめん絶対拾わないから
1850.0,1852.0,拾ってもなんにもならねーからだろ
1852.0,1854.0,お前ら相手にされてねーんだぞ
1854.0,1856.0,それ
1856.0,1858.0,相手にされてないだけじゃ
1858.0,1860.0,なんの
1860.0,1862.0,栄養素もないから
1862.0,1864.0,なんにも味がしない食べ物を
1864.0,1866.0,食べないでしょ
1866.0,1868.0,好き好んで
1868.0,1870.0,それと一緒だよ
1870.0,1872.0,お互い怖がってる
1872.0,1874.0,あいつ俺にビビってんじゃん結局
1874.0,1876.0,俺が1位じゃん
1876.0,1878.0,あいつ俺に
1884.0,1886.0,すいません
1886.0,1888.0,今運営からなんかストップ
1888.0,1890.0,あいつには関わるなって
1890.0,1892.0,俺本当に怖いんだよ
1894.0,1896.0,怖いの
1896.0,1898.0,許して
1898.0,1900.0,俺は
1900.0,1902.0,自分より弱いなって思う人しか
1902.0,1904.0,悪口言えないから
1904.0,1906.0,そうやって俺はな
1906.0,1908.0,このサバンナを生き抜いてきたんだよ
1910.0,1912.0,捕食者に味方して
1912.0,1914.0,あーそうっすよねそうっすよね
1914.0,1916.0,って言って
1916.0,1918.0,あーやっぱ暗黒放送一番面白いっすよね
1918.0,1920.0,一番面白いっすよね
1920.0,1922.0,って言って
1922.0,1924.0,入りたくもねー
1924.0,1926.0,くっせーくっせーよっさんのコミ入ってさ
1926.0,1928.0,コミ言ってんだよ
1928.0,1930.0,わきがしかいねーからなあそこのコミ
1930.0,1932.0,全員
1932.0,1934.0,バカだろだってあんなクソな話見てるやつとか
1934.0,1936.0,入りたくもねーのにさ
1936.0,1938.0,無理やりさ
1938.0,1940.0,体削って
1940.0,1942.0,本気でくさいからなあそこのコミ
1942.0,1944.0,ただやらなきゃいけねーんだよ
1944.0,1946.0,染まらなきゃいけねーんだよ
1946.0,1948.0,俺は生き抜くために
1948.0,1950.0,最近面白い動画
1950.0,1952.0,わかんねーいつだろう
1952.0,1954.0,わかんない
1954.0,1956.0,いつだろうな
1956.0,1958.0,俺いい匂いする
1958.0,1960.0,スーッと
1960.0,1962.0,キシリトールの匂いする俺は
1962.0,1964.0,キシリトールの匂いが
1970.0,1972.0,キシリトールの匂いがします
1972.0,1974.0,スルメみたいになって
1974.0,1976.0,スルメって別に悪口じゃねーだろ
1976.0,1978.0,例えたんだろ
1978.0,1980.0,俺の声をスルメに
1982.0,1984.0,うんこ石川褒めるとき肌しか褒めないから
1984.0,1986.0,バリエーション増やしたほうがいいぞ
1986.0,1988.0,ちなみに彼女とそのよっさんと石川の喧嘩の動画
1988.0,1990.0,見てるときもほんとこいつ
1990.0,1992.0,肌綺麗だよなってずーっと言ってたわ
1992.0,1994.0,なんでこんなに肌がみずみず
1994.0,1996.0,俺会ったらマジ聞きてーもん
1996.0,1998.0,なんでそんなに肌が綺麗なの
1998.0,2000.0,めっちゃ綺麗じゃない
2000.0,2002.0,あの人もっちもちじゃない
2004.0,2006.0,ほんとに
2006.0,2008.0,あれなんなの一体
2008.0,2010.0,ピッチピチじゃない肌
2010.0,2012.0,透き通って見えるよね向こう側が
2012.0,2014.0,最近あれできてる
2014.0,2016.0,ほんとに綺麗
2016.0,2018.0,よっさんも肌綺麗
2018.0,2020.0,だってヒゲが汚いからさ
2020.0,2022.0,肌見えてる面積めっちゃ少ねーじゃん
2022.0,2024.0,もじゃもじゃで
2026.0,2028.0,ほんと羨ましいあの肌ピッチピチで
2028.0,2030.0,もっちもち
2034.0,2036.0,外出ねーのがいいのかな
2040.0,2042.0,太ってるしニック渡らないからロシア人みたい
2042.0,2044.0,なんだそれ意味わかんない
2044.0,2046.0,なんだそれ
2046.0,2048.0,赤ちゃんみたいな肌してるよね
2048.0,2050.0,ポチャポチャって
2054.0,2056.0,いちごっぱなみたいな動画
2056.0,2058.0,見た見たそれ
2058.0,2060.0,視聴者から送られてきて
2064.0,2066.0,土地乙女になってるよみんな
2066.0,2068.0,別にいいじゃん男だったらいいじゃん
2068.0,2070.0,デブってだいたい肌綺麗だからそうなんだ
2076.0,2078.0,ダルビッシュがジャニーズにディスられて話した
2078.0,2080.0,あれてかさ
2080.0,2082.0,周りがうぜーよな
2082.0,2084.0,すごいダルビッシュが心配になっちゃって
2084.0,2086.0,ダルビッシュ大丈夫かなと思って
2086.0,2088.0,見たんだよ
2088.0,2090.0,別にさ
2090.0,2092.0,冗談半分じゃん
2092.0,2094.0,そんなことねーよ
2094.0,2096.0,なのにさ
2096.0,2098.0,ジャニーオタのクソ女どもがさ
2098.0,2100.0,なんでそんなに噛みついてるんですか
2100.0,2102.0,今暇なんですか
2102.0,2104.0,ほんとに
2104.0,2106.0,ダルビッシュに代わって
2106.0,2108.0,俺がほんとに
2108.0,2110.0,立ってやりたい
2114.0,2116.0,ほんとゴミだよあいつ
2116.0,2118.0,負けたのは事実らしいし
2118.0,2120.0,流しとけばいいのに
2120.0,2122.0,別にさ
2122.0,2124.0,言わなくてもいいじゃん
2124.0,2126.0,テレビでガチャガチャ言われたらいい気しねーって
2126.0,2128.0,ダルビッシュだってタレントじゃねーもん
2128.0,2130.0,スポーツ選手だよ
2132.0,2134.0,自分の話題を提供する必要がないじゃん
2134.0,2136.0,言わなくていいじゃん別に
2138.0,2140.0,尊敬を込めて言うんだったらいいけどさ
2140.0,2142.0,なんかさ関西人でさ
2142.0,2144.0,話のネタにしてたら
2144.0,2146.0,関西人ってだから好きじゃねーんだよな
2148.0,2150.0,ああいうノリで出してくる関西人
2152.0,2154.0,暇な時しかツイッターやってねーよって
2154.0,2156.0,ずっと言ってるじゃんそうだよな
2156.0,2158.0,ああいうやついるじゃん
2158.0,2160.0,俺笑いわかってますよみたいな
2160.0,2162.0,かっこいい
2162.0,2164.0,顔がかっこいいのに笑いわかってるの
2164.0,2166.0,俺マジかっこいいみたいなやついない?
2166.0,2168.0,いない?
2170.0,2172.0,いない?そういうやつ
2172.0,2174.0,一気に俺クソアンチになったよ
2174.0,2176.0,あいつの
2176.0,2178.0,いやハンサムとか全然違う
2178.0,2180.0,もっとなんか謙虚じゃん
2180.0,2182.0,ジャニーズとかでさ
2182.0,2184.0,ほんとに
2186.0,2188.0,野球選手にそうやってやってるやつ
2188.0,2190.0,俺ほんと嫌いになるからな
2190.0,2192.0,いやでもそのジャニーズめっちゃかっこいいよ
2192.0,2194.0,クソかっこいい
2194.0,2196.0,名前わかんない?うちくん
2196.0,2198.0,うちくんって書いてあった
2198.0,2200.0,患者に
2200.0,2202.0,患者にって言うの?うちくんって言うの?
2202.0,2204.0,メジャーで活躍してるのはほとんど関西
2204.0,2206.0,あそうなんだ
2206.0,2208.0,うちひろきって言うの?
2212.0,2214.0,なんかね
2214.0,2216.0,マジかよってなったね
2218.0,2220.0,ドラマ交番になったやつやん
2220.0,2222.0,未成年飲酒で抜けさせられたやつ
2222.0,2224.0,そんなやつがテレビなんか出てくんじゃねえよ
2224.0,2226.0,バカが
2226.0,2228.0,パチンコタバコ
2228.0,2230.0,ダブルの十字架背負ってるけど
2230.0,2232.0,まあそりゃいいんだよ
2232.0,2234.0,反省したからダルビッシュは
2234.0,2236.0,ダルビッシュ反省して
2236.0,2238.0,うちなんかそんな
2238.0,2240.0,反省もクソもねえだろ
2244.0,2246.0,ほんと腹立つわ
2248.0,2250.0,プロ野球とタレント一緒に
2250.0,2252.0,俺も野球の肩持つからよ
2254.0,2256.0,俺のジャッジに公平は求めないでくれ
2256.0,2258.0,俺は野球選手の肩持つから
2258.0,2260.0,巨人の杉山が女ぶん殴ったときも
2260.0,2262.0,俺杉山の肩持つからな
2262.0,2264.0,いやあれはなんかの
2264.0,2266.0,意図があるに違いない
2266.0,2268.0,俺は野球選手の肩を持つから
2272.0,2274.0,コメビューの右の空白無駄じゃないか
2274.0,2276.0,あんま気にせんといて
2276.0,2278.0,気にせんといてな
2280.0,2282.0,杉山いたよな
2282.0,2284.0,女ぶん殴って対談させられたやつ
2288.0,2290.0,俺は
2290.0,2292.0,許す俺はな
2292.0,2294.0,日本での野球選手ってなんであんなに
2294.0,2296.0,地位が低くねえじゃねえかよ
2296.0,2298.0,お前
2298.0,2300.0,最強のプロスポーツ選手といえば
2300.0,2302.0,野球選手じゃない
2302.0,2304.0,アナウンサーとばっかり結婚してるじゃん
2304.0,2306.0,アナウンサーってもう
2306.0,2308.0,最高の職業じゃない
2308.0,2310.0,最職権美で
2310.0,2312.0,最強だぞ
2316.0,2318.0,最高の職業だぜ
2318.0,2320.0,すべてを
2320.0,2322.0,持ってるものだからね
2322.0,2324.0,大谷がベイブルス以来の10勝10ホームランに
2324.0,2326.0,追ってたようんこちゃん
2326.0,2328.0,もう認めざるを得ないよね
2328.0,2330.0,認めざるを得ませんよね
2330.0,2332.0,プロ野球選手は
2332.0,2334.0,日本のプロスポーツで一番のステージ
2334.0,2336.0,そうだ間違いないと思う
2336.0,2338.0,断る人いないと思う
2338.0,2340.0,甲斐を申し込まれて
2340.0,2342.0,でもアナウンサーと結婚したいめっちゃしたい
2342.0,2344.0,でもしたくないな逆に一周取り越してしたくないわ
2344.0,2346.0,劣等感でなんか
2346.0,2348.0,劣等感でなんか生きていけなそう
2350.0,2352.0,生きていけない
2352.0,2354.0,Jリーグはトップ選手でも
2354.0,2356.0,5000万程度の
2356.0,2358.0,タレントとよく付き合ってるイメージがあるね
2358.0,2360.0,Jリーグ選手なんてさ食っていけねえだろ
2360.0,2362.0,将来的に
2362.0,2364.0,食っていけなくない
2366.0,2368.0,いっぱいいるよね
2368.0,2370.0,元Jリーガー難民みたいなの
2370.0,2372.0,いっぱいいるよな
2372.0,2374.0,高見さかり嫌いだマジであいついいじゃん
2374.0,2376.0,安くても
2376.0,2378.0,国際レベルなら3000万余裕で
2378.0,2380.0,超えてるしな
2380.0,2382.0,なんだ国際レベルって
2382.0,2384.0,知らない
2384.0,2386.0,巨人の小林が肘出してボールに当たりにいってるのどうも
2386.0,2388.0,なんか
2388.0,2390.0,そこまでしてでも出たいんだよ
2390.0,2392.0,新井の弟が
2392.0,2394.0,誰かの引退試合で
2394.0,2396.0,ぶつかりに行っただろ
2396.0,2398.0,あれを毎試合毎試合やってるんだよ
2400.0,2402.0,出たいんだよ
2404.0,2406.0,出たいんだよ
2406.0,2408.0,金本だっけ
2408.0,2410.0,誰かに回してあげてみたいなさ
2412.0,2414.0,あの足
2414.0,2416.0,あの動画めっちゃ面白いよね
2416.0,2418.0,おや今足を出しましたねみたいな
2418.0,2420.0,解説会
2420.0,2422.0,遠くを向かわない
2422.0,2424.0,別にそんな
2424.0,2426.0,攻められることじゃないと思うよ
2426.0,2428.0,ルールに違反してたら審判に止められるだけだし
2428.0,2430.0,いや今のは
2430.0,2432.0,ボールですって
2432.0,2434.0,むしろ何がいけないって怪我するリスクがあるから
2434.0,2436.0,やめたほうがいいなと思うけど別に
2436.0,2438.0,そんなにやっぱ俺野球選手と肩を持っちゃうからさ
2442.0,2444.0,そんな叩かれるようなことじゃないと思うな
2446.0,2448.0,そんな言うほど叩かれることじゃなくない
2448.0,2450.0,冷静に考えて
2450.0,2452.0,注意されたらやめればいいじゃん
2452.0,2454.0,注意されたらやめるっていう
2454.0,2456.0,ズルしてるわけじゃないじゃん
2458.0,2460.0,ズルしてる
2460.0,2462.0,でも見てて気分が良くない
2462.0,2464.0,なんか正々堂々みたいな
2464.0,2466.0,正々堂々みたいな
2470.0,2472.0,あれで怪我されたら巨人の
2472.0,2474.0,そうだな俺もそっちが心配だよ怪我するからやめなって
2474.0,2476.0,思うね
2478.0,2480.0,ほそ川のメット投げるほうがムカつかない?
2480.0,2482.0,知らねえ
2482.0,2484.0,中畑がめっちゃ批判してたな
2484.0,2486.0,なんて言ってたの
2486.0,2488.0,つーかあいつがムカついたわ
2488.0,2490.0,俺最近の野球絡みの話でさ
2490.0,2492.0,なんだっけ
2492.0,2494.0,勝谷なんとかってやつ
2494.0,2496.0,なんだ田舎野球って
2496.0,2498.0,なに田舎野球って
2498.0,2500.0,あのー
2500.0,2502.0,田舎野球って
2502.0,2504.0,田舎野球って
2504.0,2506.0,田舎野球って
2506.0,2508.0,田舎野球って
2508.0,2510.0,あのー実況
2510.0,2512.0,あれマジで腹立つよなあのゴミ
2512.0,2514.0,あんなのが地上派で
2514.0,2516.0,俺みたいなこと言ってんだよ地上派で
2520.0,2522.0,あんなのさ家で野球見とけよって感じ
2522.0,2524.0,ニコ生でやってるよって感じであんなの
2524.0,2526.0,地上派で流してはいけなくない
2530.0,2532.0,ここにも一人いるわちょうど
2532.0,2534.0,お前の目の前にも
2536.0,2538.0,お前の方が好きだよそうなんだ何も言えねえ
2540.0,2542.0,彼右翼だよそうなの
2542.0,2544.0,新人が舐めとんじゃねえぞみたいな
2546.0,2548.0,ああいうのほんと舐めとんじゃねえよね野球ファンの品位がさ
2548.0,2550.0,問われるというか
2552.0,2554.0,俺だよめちゃめちゃあれだよ
2554.0,2556.0,もし俺が
2556.0,2558.0,もう野球中継呼ばれたら
2558.0,2560.0,呼ばれることねえけど
2560.0,2562.0,いやーそうですよね
2562.0,2564.0,なんとか選手は
2564.0,2566.0,27歳で
2566.0,2568.0,みたいなそういうなんかクレバーな実況
2568.0,2570.0,心がけるよ
2570.0,2572.0,無難にこなす
2574.0,2576.0,いやほんとにほんとに
2576.0,2578.0,だって失礼
2578.0,2580.0,失礼になっちゃうじゃん
2580.0,2582.0,失礼になっちゃうじゃん
2584.0,2586.0,毒にも薬にもならない実況
2586.0,2588.0,えでも実際問題そうだぞ
2588.0,2590.0,実際問題ね
2590.0,2592.0,いやなんか例えばなんだろうな
2592.0,2594.0,自分が
2594.0,2596.0,自分で妄想すんのね
2596.0,2598.0,自分が例えば公式放送とかに呼ばれて
2598.0,2600.0,みんなと話ししろって言われたら
2600.0,2602.0,俺絶対できなくない
2604.0,2606.0,例えばこの前やった生主討論会に
2606.0,2608.0,自分が出たらとか妄想すんのね
2608.0,2610.0,何一つ俺
2610.0,2612.0,言葉発することできないんだけど多分
2614.0,2616.0,無理だよね
2618.0,2620.0,借りてきた猫みたいになっちゃうよ多分な
2622.0,2624.0,無理だと思う
2624.0,2626.0,公式でレトルトとホラー実況
2626.0,2628.0,いやそっちのほうがまだできるな
2628.0,2630.0,そっちのほうが全然できる
2630.0,2632.0,なんでかって俺レトルト見下してるからさ
2632.0,2634.0,そっち
2634.0,2636.0,それだったら全然できるよ
2636.0,2638.0,むしろ俺楽しめると思う
2638.0,2640.0,ぶっちゃけレトルトの視聴者と俺の視聴者
2640.0,2642.0,かぶってねえからいくら嫌われても
2642.0,2644.0,大して痛手じゃねえし
2644.0,2646.0,なんかちょっとなんか
2646.0,2648.0,知らねえふりして
2648.0,2650.0,チクチク言いたいわ
2650.0,2652.0,レトルトが
2652.0,2654.0,夏コミ出てるの知らずに
2654.0,2656.0,そういうのって小敷だよなみたいな感じで
2656.0,2658.0,例え話で取り入れていきたいな
2658.0,2660.0,うわこれマジあれじゃん
2660.0,2662.0,夏コミ出てるゴミと一緒じゃねえかよみたいな
2662.0,2664.0,沈黙
2664.0,2666.0,そういう感じでいきたいな
2666.0,2668.0,公式からオファー来たことある
2668.0,2670.0,恥ずかしながらなんかね
2670.0,2672.0,2回ぐらいはあるよ
2672.0,2674.0,24時間ダークソウル実況してくれませんか
2674.0,2676.0,みたいな
2676.0,2678.0,無視しましたそれは
2678.0,2680.0,できねえから
2682.0,2684.0,できねえ俺はやらねえんじゃねえできねえ
2688.0,2690.0,できねえんだよ
2690.0,2692.0,もう一個もなんかそっち系だよ
2692.0,2694.0,なんか24時間とか48時間ぶっ通しの
2696.0,2698.0,なんとかってやつ
2698.0,2700.0,名前覚えてねえけどなもう
2704.0,2706.0,無視したらさあなんか早く返信してください
2706.0,2708.0,俺だからそれでガジェット都市嫌いになったんだよな
2708.0,2710.0,ガジェからメール来て
2710.0,2712.0,出る気なかったから無視したの
2712.0,2714.0,2日ぐらいに届いてませんかみたいな
2714.0,2716.0,早めに返信くださいみたいな夢見て
2716.0,2718.0,めっちゃ無礼なメール来て
2718.0,2720.0,俺すっごい丁寧に申し訳ありませんでした
2720.0,2722.0,みたいな
2722.0,2724.0,うんこちゃん不参加でよろしくお願いします
2724.0,2726.0,いや俺それでマジですっげえガジェアンチになったんだよ
2728.0,2730.0,もう多分消えちゃってるけど
2732.0,2734.0,なんでてめえ何者だよみたいな
2734.0,2736.0,知らねえガジェットってなんだよ
2736.0,2738.0,ってなってから俺ガジェット都市嫌いになった
2738.0,2740.0,もう3、4年前だと思うよ
2742.0,2744.0,3、4年前だよ
2746.0,2748.0,そんなんバイトレベルのやつがやってるからだろ
2748.0,2750.0,いやでもさ
2750.0,2752.0,ガジェット都市ってさ名乗るんだったらさ
2752.0,2754.0,背負わなきゃいけないじゃん
2754.0,2756.0,いや失礼だなと思ったよ俺
2758.0,2760.0,やふみも同じこと言ったほらな
2760.0,2762.0,電話来たのはドワンゴ
2762.0,2764.0,それあれだよユーザーチャンネルの権利
2764.0,2766.0,ってことでしょ
2766.0,2768.0,それと全く別件
2768.0,2770.0,48時間放送参加したよ
2770.0,2772.0,そうなんだ
2772.0,2774.0,面白くなかっただろぶっちゃけ
2774.0,2776.0,面白くなかっただろ
2776.0,2778.0,いやふみは絶対
2778.0,2780.0,お前乗っかっただけだろ
2780.0,2782.0,話をなんかおっきくしようみたいな
2782.0,2784.0,あ参加って見たってこと
2784.0,2786.0,その程度のバイトやったと言うか
2786.0,2788.0,もうほんとにそうだよな
2788.0,2790.0,バイトの教育も社員の
2790.0,2792.0,仕事じゃん
2794.0,2796.0,セントスが申し訳なす
2796.0,2798.0,いやでも出てもなんかできねえよな
2800.0,2802.0,近づいたこと
2802.0,2804.0,まあそうだよなあいつが俺に一番近づいたよな
2804.0,2806.0,まあちょっと全然
2806.0,2808.0,届きはしなかったけどな
2808.0,2810.0,やふみはギャラ一万ってとこまで
2810.0,2812.0,暴露した一万だったかな
2812.0,2814.0,一万とか一万五千とか
2814.0,2816.0,わかんねえけどね
2816.0,2818.0,MAイコールFって知ってる?
2818.0,2820.0,わかんない
2822.0,2824.0,プラスなんか
2824.0,2826.0,そんぐらいか
2826.0,2828.0,もう覚えてねえわ
2830.0,2832.0,公式放送とか空気の読み合いみたいでつまんねえ
2832.0,2834.0,みんなが見に来てくれるんだったら
2834.0,2836.0,全部俺の視聴者で埋まるんだったらめっちゃ出たいんだよね
2840.0,2842.0,みんなが全員ちゃんと見に来てくれるんだったら
2842.0,2844.0,それはそれで面白いんだ
2844.0,2846.0,埋まるんだったらね
2848.0,2850.0,公式に出てる生の人一万稼いでるのわかんねえ
2850.0,2852.0,誰だろうね
2852.0,2854.0,俺わかんねえもん
2856.0,2858.0,絶対うんこちゃんアウェイだよ
2858.0,2860.0,ボコボコされるかな
2862.0,2864.0,別にそれはそれでいいんだけどさ
2864.0,2866.0,どんな企画だったら参加する
2866.0,2868.0,なんだろうな
2870.0,2872.0,なんだろうな
2874.0,2876.0,わかんない全然
2878.0,2880.0,あれだわ
2880.0,2882.0,見当がつかない
2882.0,2884.0,見当がつきません
2886.0,2888.0,ゲーム
2888.0,2890.0,任せて
2890.0,2892.0,30分任せてくれるみたいなさ
2892.0,2894.0,好き勝手やっていいよとかだったら
2894.0,2896.0,さすがにちょっと面白そうだなって思うけど
2896.0,2898.0,なんかねえやっぱり
2898.0,2900.0,そういうわけにいかないじゃん
2900.0,2902.0,向こう側も企業だしさ
2902.0,2904.0,こういうことやってほしいみたいな
2904.0,2906.0,思惑があってそれに沿うように
2906.0,2908.0,やらないといけないよね
2908.0,2910.0,公式と好き勝手って相性悪い
2910.0,2912.0,そうだよね
2912.0,2914.0,絶対そうだよね
2914.0,2916.0,うーん
2918.0,2920.0,ちょっとそれは難しいな
2922.0,2924.0,くっそつもんな台本汚してくれるまで
2924.0,2926.0,それしょうがないんじゃないの
2926.0,2928.0,うんこちゃんがこんにちはって言ったらは?ってなるよ
2928.0,2930.0,誰が視聴者かってこと
2930.0,2932.0,俺キレるんだよそんなの
2932.0,2934.0,机蹴っ飛ばすんだけど
2934.0,2936.0,ふざけんなよ
2936.0,2938.0,ふざけるな
2938.0,2940.0,かまぶりゲーム部出る?
2940.0,2942.0,出ますって出れるもんじゃなくない
2942.0,2944.0,オファーがあって
2944.0,2946.0,俺の気持ちがあって初めて参加って形じゃん
2946.0,2948.0,出るわって勝手に言ったら
2948.0,2950.0,事故だろそれ
2950.0,2952.0,俺逮捕されるぞ
2952.0,2954.0,逮捕
2954.0,2956.0,公式で暴れるのも個人的に嫌
2956.0,2958.0,ちょっとねめんどくさいよ
2958.0,2960.0,絶対
2960.0,2962.0,絶対
2962.0,2964.0,ドグマあたりのくっそつまらないのが出てしまってくれるじゃん
2964.0,2966.0,そうなのかな
2966.0,2968.0,わかんない
2968.0,2970.0,おっきい声出したら上に詰めされそう
2970.0,2972.0,いやもうそれ
2972.0,2974.0,取り上げられたらさ俺何も残らないんだけど
2974.0,2976.0,おっきい声を俺から取ったら
2976.0,2978.0,何も残んなくない
2980.0,2982.0,詰むんだが
2984.0,2986.0,声しか武器がないのにさ
2986.0,2988.0,ゲーム部で
2988.0,2990.0,うんこじゃL字ワード入れるか検討してるよ
2990.0,2992.0,ちょっとギリギリ
2992.0,2994.0,お前らのせいでどんどん俺のさ
2994.0,2996.0,生きる世界が狭まってくんだけど
2996.0,2998.0,やめてくんない
3000.0,3002.0,マジでやめてほしい
3002.0,3004.0,マジでやめてほしい
3006.0,3008.0,この前格闘ゲームのプロがドグマに引いてたよ
3010.0,3012.0,いろいろ思うところがあるんだろ
3012.0,3014.0,思うところが
3014.0,3016.0,公式チャンネルで迷子の話するよ絶対
3018.0,3020.0,雑談の内容は
3020.0,3022.0,それはもう飛ばないでほしいよな
3024.0,3026.0,ニコ生なんてさ
3026.0,3028.0,気取るなよバカがほんとに
3028.0,3030.0,なんでメディア気取ってんの
3030.0,3032.0,お前らクソだぞはっきり言って
3032.0,3034.0,ニコ生なんてなんでメディア気取ってんの
3034.0,3036.0,きっしょ
3036.0,3038.0,だから決めんだよみんな出てるやつ
3038.0,3040.0,いいだろ別にそんなの
3040.0,3042.0,クソ黙りだよ
3042.0,3044.0,芸能人ぶってんじゃねえよバカが
3046.0,3048.0,エタとかの話しようぜみんなで
3050.0,3052.0,エタチャンネルにしようかな
3052.0,3054.0,エタチャンネル
3054.0,3056.0,エタ否認チャンネルにしようかな
3062.0,3064.0,実況者のタレント気取り決めるよな
3064.0,3066.0,実況者のさ
3066.0,3068.0,タレント気取り
3068.0,3070.0,生主と実況者のタレント気取りの
3070.0,3072.0,ゴミども
3078.0,3080.0,思います
3082.0,3084.0,表出るんならマスク取れ
3084.0,3086.0,俺マスクしてねえよ
3088.0,3090.0,チェアホイスだって舞い上がってんだろうな
3090.0,3092.0,そうなんだろうね
3092.0,3094.0,タレントじゃん
3094.0,3096.0,ローカルタレントみたいな
3096.0,3098.0,見る側がそういう風に言っちゃったらもうだめだよ
3100.0,3102.0,だってさ
3102.0,3104.0,そうやって見られちゃったらさ
3104.0,3106.0,比較対象が芸能人になっちゃうじゃん
3106.0,3108.0,勝てるわけねえんだから
3108.0,3110.0,お笑い芸人のほうが絶対面白いし
3110.0,3112.0,ジャニーズのほうが顔かっこいいじゃん
3112.0,3114.0,ダンサーのほうがダンスうまいし
3114.0,3116.0,歌手のほうが歌うまいじゃん
3116.0,3118.0,比較対象を芸能人にしちゃったら終わりなんだよ
3118.0,3120.0,ゴミ
3124.0,3126.0,比較対象をゴミぐらい下げてくれないと
3126.0,3128.0,無理なんだよね
3130.0,3132.0,持ち上げすぎなのか
3132.0,3134.0,そうだよね
3136.0,3138.0,正直ジャニーズよりかっこいい奴はいくらでもいい
3138.0,3140.0,いやでもねそんなことないんだって
3140.0,3142.0,メコとかさ
3142.0,3144.0,自分でねニコ生やって顔出し雑談してるとき
3144.0,3146.0,可愛いなって思うけど
3146.0,3148.0,メディアとかに取り上げて
3148.0,3150.0,本物のねタレントさんとかが隣に座ってたりすると
3150.0,3152.0,やっぱ全然敵わないんだよ
3154.0,3156.0,テレビってやっぱさ
3156.0,3158.0,すごいんだよ
3158.0,3160.0,ライバルのレベルが高いから
3160.0,3162.0,麻痺しちゃってるんだよ
3164.0,3166.0,本当に
3168.0,3170.0,化け物だよ
3170.0,3172.0,佐々木臨みとか見たら
3172.0,3174.0,メアコまで
3174.0,3176.0,メアコレベルまで行くと好み
3176.0,3178.0,いや多分そんなことないと思う
3178.0,3180.0,だってメアコさんとかすげー好みだけどさ
3180.0,3182.0,タレントさんとかが多分並んでたら
3182.0,3184.0,やっぱすげーんだなって思っちゃうもん
3186.0,3188.0,オーランドブルーヴも絶賛してたもん
3188.0,3190.0,だれよ
3190.0,3192.0,メアコさんのこと
3192.0,3194.0,めちゃめちゃすげーじゃねーかよ
3194.0,3196.0,めちゃめちゃすげーじゃねーかよ
3196.0,3198.0,いやいやテレビのレベルが落ちてたら
3198.0,3200.0,素人の線引きがなくなってきて
3200.0,3202.0,そうかなー
3202.0,3204.0,俺もう全然違うと思うけど
3204.0,3206.0,全然違うと思うけど
3208.0,3210.0,本当にビジネス
3210.0,3212.0,ニコ生やる前にスカウトされてる
3212.0,3214.0,しかもなんかニコ生経由で
3214.0,3216.0,タレントなったり
3216.0,3218.0,したりしてるよね
3220.0,3222.0,素人って謎の盾で守られて
3222.0,3224.0,いやでもその盾大事じゃん
3224.0,3226.0,その盾大事じゃない
3226.0,3228.0,ネットで人気ってのか
3228.0,3230.0,ネットで人気ってのか
3230.0,3232.0,ブランド化してるからしょうもねーよな
3232.0,3234.0,なんかあれなのかな
3236.0,3238.0,誰がそういうの始めたんだろうな
3238.0,3240.0,キヨとかマジ勘違いしてるよな絶対な
3240.0,3242.0,マジでやばいから
3242.0,3244.0,マジでやばいから
3244.0,3246.0,クソもんの面白くねーぞ
3246.0,3248.0,びっくりするくらい
3248.0,3250.0,ずーっと真顔
3250.0,3252.0,俺と彼女
3254.0,3256.0,ずーっと真顔で見てる
3256.0,3258.0,ずーっと真顔で見てるキヨ
3258.0,3260.0,キヨと向き合ってるけど俺最近
3260.0,3262.0,勉強しない
3262.0,3264.0,勉強しなきゃって
3266.0,3268.0,クソ人気でもあいつら
3268.0,3270.0,あいつらめちゃくちゃ人気だぞ
3274.0,3276.0,30分で5万人来場者
3278.0,3280.0,コメント2万
3286.0,3288.0,キヨと両覧とな
3288.0,3290.0,わけわかんないやつ
3290.0,3292.0,うんこちゃんはどれくらいなの
3292.0,3294.0,俺はね1時間で累計来場者数
3294.0,3296.0,"6,880"
3296.0,3298.0,"コメント5,341"
3298.0,3300.0,互角だな
3300.0,3302.0,今ニコ生でキヨに勝てるのは
3302.0,3304.0,俺しかいねぇだろ
3304.0,3306.0,互角に戦えてるの
3308.0,3310.0,キヨのツイキャスで片思いの人が
3310.0,3312.0,目の前にいるってコメ流れてた
3312.0,3314.0,なんで俺呼ばねーんだよ
3314.0,3316.0,俺刑務所入る覚悟で
3316.0,3318.0,そういう人のこと殺してたぞ
3318.0,3320.0,俺
3320.0,3322.0,俺の目が明るいうちは
3322.0,3324.0,俺の目が黒いうちには
3324.0,3326.0,そんなコメントさせねーぞ
3330.0,3332.0,キヨの何がいいのか分かんない
3332.0,3334.0,人気者なんだよ
3334.0,3336.0,学校の人気者みたいな
3336.0,3338.0,ははは
3338.0,3340.0,ははは
3340.0,3342.0,みたいな感じ
3342.0,3344.0,お前さ
3344.0,3346.0,はははみんな
3346.0,3348.0,これマジでやばい
3348.0,3350.0,みたいな感じだよキヨ
3350.0,3352.0,俺見てる子でネチネチしてね
3354.0,3356.0,ほんとそんな感じだよ
3356.0,3358.0,マジやばいねこれ
3358.0,3360.0,周りがマジで面白いみんな
3360.0,3362.0,みたいな感じだよ
3364.0,3366.0,女の子がキャーキャー言ってる
3366.0,3368.0,俺がこんなネチネチ
3368.0,3370.0,ネチザザンしてる間に
3370.0,3372.0,あいつは笑顔を振りまいてる
3372.0,3374.0,女にモテて
3376.0,3378.0,ルンコちゃんもこういう悪口やめたら
3378.0,3380.0,キヨたちみたいにチアフされるぞ
3380.0,3382.0,いやそれ3年頑張ったんだけどチアフされねーからいいやと思ってやめた
3382.0,3384.0,脱ぎ捨てた仮面を
3384.0,3386.0,いいやつって
3386.0,3388.0,イロリの悪口言うおーって
3390.0,3392.0,嫉妬してるぞルンコ
3392.0,3394.0,なんかねその人気に
3394.0,3396.0,嫉妬するね
3396.0,3398.0,なぜ俺ではなくキヨなんだ
3398.0,3400.0,なんかこれなかったっけ
3400.0,3402.0,なぜ俺ではなく
3402.0,3404.0,キヨなんだ
3404.0,3406.0,レッツカイオーみたいな感じだよ
3406.0,3408.0,なんかいい例えがあるなこれな
3408.0,3410.0,それなかったっけ
3410.0,3412.0,なぜ俺ではないんだ
3412.0,3414.0,悪魔
3414.0,3416.0,悪魔も言ってるけど
3416.0,3418.0,悪魔も言ってるけどさ
3420.0,3422.0,なんかよくある例えだよな
3422.0,3424.0,なんで俺じゃねえんだみたいな
3424.0,3426.0,いるんだよ
3426.0,3428.0,そういうさ
3430.0,3432.0,ただこの劣等感を糧に
3432.0,3434.0,私やっていきます
3434.0,3436.0,実際に度胸に近寄ることもできない奴が
3436.0,3438.0,ネットならっていう淡い欲望の
3438.0,3440.0,思いがあるんだろうな
3440.0,3442.0,うーん
3442.0,3444.0,よくわかんない
3444.0,3446.0,よくわからない
3448.0,3450.0,人気者
3450.0,3452.0,王道気取りながら
3452.0,3454.0,ニコ生で俺たちすげえ立ち悪いよね
3454.0,3456.0,だってあいつらの
3456.0,3458.0,なんとかしてあいつらの
3458.0,3460.0,ダメなところ今15分かけて
3460.0,3462.0,見つけようとしてるけどさ
3462.0,3464.0,こんなの完全被害者じゃん
3464.0,3466.0,ニコ生人気者王道気取ってねえじゃん
3466.0,3468.0,別にキヨ
3470.0,3472.0,俺たち本当に哀れだよな
3472.0,3474.0,くっそ
3474.0,3476.0,はめられてる
3476.0,3478.0,こうして俺はどんどん人気が落ちてってさ
3478.0,3480.0,キヨアブレトルとセピアに流れていく
3480.0,3482.0,かけがえのない視聴者が
3484.0,3486.0,許さねえ
3490.0,3492.0,許さねえぞ俺は
3494.0,3496.0,こうやって人気者のアンチを培養していく
3496.0,3498.0,そうだな
3498.0,3500.0,バランスとってこいぜ
3500.0,3502.0,だってこのままさあいつらが人気者のままだったら
3502.0,3504.0,ダメだろ
3504.0,3506.0,俺がちゃんと事実を伝えていかなきゃ
3506.0,3508.0,キヨはニコ生最強の男と言われて
3508.0,3510.0,肯定したぞ
3510.0,3512.0,だってキヨニコ生やってねえだろ
3512.0,3514.0,ニコ生やってねえだろキヨ
3514.0,3516.0,あでもあいつなんか公式いっぱい出てるな
3518.0,3520.0,お給据えてやらなきゃ
3520.0,3522.0,ほんとだよな
3522.0,3524.0,動画上げるところから始めたらいいじゃん
3524.0,3526.0,ちょっと無理だよそれは
3526.0,3528.0,無理だよ
3530.0,3532.0,もう5年もお前を見てるから
3532.0,3534.0,もうマンネリ化してる
3534.0,3536.0,浮気はしない
3536.0,3538.0,いいな
3538.0,3540.0,そうしようぜ
3542.0,3544.0,そうしようみんなも
3544.0,3546.0,たまに面白ければいいっていうさ
3546.0,3548.0,たまに面白ければいいっていう
3550.0,3552.0,あいつらって40歳とかになっても
3552.0,3554.0,あれやって金稼ぐのかな
3554.0,3556.0,違うんだよ
3556.0,3558.0,俺も皮肉言ってた時期あるんだけど
3558.0,3560.0,結局さあいう奴らは横のつながりができてさ
3560.0,3562.0,しっかりした場所に収まっていくんだよ
3562.0,3564.0,あいつら和形師だもん
3564.0,3566.0,たぶんあいつら24とかだろ
3568.0,3570.0,インコちゃん何か始めても
3570.0,3572.0,最後までやらないもん
3572.0,3574.0,みんなそうだろ
3574.0,3576.0,我慢して最後までやるのとか
3576.0,3578.0,無理じゃね
3578.0,3580.0,ゲームとかだってさ
3580.0,3582.0,自分に例えてみろよみんな
3582.0,3584.0,自分が面白くねえけど最後までやろ
3584.0,3586.0,って思わないくない
3586.0,3588.0,他のゲームやろって思うだろ
3588.0,3590.0,俺はめちゃめちゃナチュラルなんだよ
3592.0,3594.0,ナチュラル
3594.0,3596.0,ニコとニコ生が連れてたら終わりだよ
3596.0,3598.0,でも何だっけあれだよ
3598.0,3600.0,旨い汁をさ甘い汁を吸ってんだよ
3600.0,3602.0,甘い汁を今のうちに
3604.0,3606.0,俺ゲーム全クリしたことほとんどない
3606.0,3608.0,俺もねえわてか
3608.0,3610.0,てかもう既にたぶん実生活の本数
3610.0,3612.0,超えてると思う
3612.0,3614.0,ゲーム実況で上げた本数が
3616.0,3618.0,超えてると思う
3619.0,3621.0,ニコ生やってると必死で働いて
3621.0,3623.0,金稼ぐ自分がバカみたいに思えてくる
3623.0,3625.0,お前も結構稼いでるの
3625.0,3627.0,いくら稼いでるだいたい
3627.0,3629.0,このDの1836いくらぐらい稼いでるの
3629.0,3631.0,月30万ぐらい
3631.0,3633.0,馬鹿らしくなっちゃうのかやっぱ
3633.0,3635.0,馬鹿らしくなっちゃうのかな
3635.0,3637.0,ゲーム実況者のつまらないゲームを
3637.0,3639.0,面白そうにプレイする演技が上手すぎて
3639.0,3641.0,レトルトかな
3641.0,3643.0,アッアッアッアッみたいなねいいよね
3645.0,3647.0,貯金2000万らしい
3647.0,3649.0,ほんとかよ
3655.0,3657.0,俺は
3657.0,3659.0,全然ならないけど
3659.0,3661.0,何の話したっけ
3661.0,3663.0,途中でやめたくなるみたいな
3663.0,3665.0,惰性で見るのが一番だよ
3665.0,3667.0,たまになんかね
3667.0,3669.0,3ヶ月ぐらい離れて
3669.0,3671.0,久々に見たりすると楽しかったりする
3671.0,3673.0,じゃない
3673.0,3675.0,じゃない
3675.0,3677.0,だからさ
3677.0,3679.0,ユーチューバーに取られるってなって
3679.0,3681.0,今たぶんさ
3681.0,3683.0,金儲けの仕組みを作ろう
3683.0,3685.0,作ろうって必死になってるところに
3685.0,3687.0,ユーザーチャンネルってのができてるんじゃないの
3687.0,3689.0,ほんとにだせえよなドワンゴって
3689.0,3691.0,ほんとはくつぶれてほしい
3691.0,3693.0,ダサくね
3693.0,3695.0,マジで
3695.0,3697.0,お前勝てねえよユーチューブにみたいな
3697.0,3699.0,絶対そうじゃん
3699.0,3701.0,絶対そうじゃない
3701.0,3703.0,マジでだせえよな
3703.0,3705.0,この
3705.0,3707.0,あれはどんどん
3707.0,3709.0,世界に出していこうぜ
3709.0,3711.0,ニコニコでダサくね
3711.0,3713.0,だせえじゃんだって
3713.0,3715.0,ユーチューバーに
3715.0,3717.0,どんどん取られてるから
3717.0,3719.0,先行されてるから
3719.0,3721.0,ちょっとでも形変えて真似しようって考えたのが
3721.0,3723.0,ユーザーチャンネルなんだろうけど
3723.0,3725.0,元々有名な奴らが
3725.0,3727.0,しかもユーチューバーの方が金稼げてる
3727.0,3729.0,ゴミだよあのシステム
3729.0,3731.0,ゴミゴミ
3735.0,3737.0,ユーチューバーは外でやる
3737.0,3739.0,ニコニコは外で言えない
3739.0,3741.0,ユーチューバーも外で言えねえだろ
3741.0,3743.0,だって柴田とかむちゃくちゃ金稼いでるでしょ
3743.0,3745.0,50万とか60万とか
3749.0,3751.0,新規の生主になりそうな小学生がユーチューバーな
3751.0,3753.0,そうなんだ
3753.0,3755.0,そうなんだ
3755.0,3757.0,俺でも一時期
3757.0,3759.0,ユーチューブよりニコニコ動の方が
3759.0,3761.0,まくったと思った時期あったんだけどな
3763.0,3765.0,まくったと思った時期あったんだけどな
3767.0,3769.0,大手のユーザーチャンネルの奴ら
3769.0,3771.0,4桁稼いでるってマジ分かんねえ
3773.0,3775.0,分かりません
3775.0,3777.0,これこれが制服とのハメ取り動画
3777.0,3779.0,警察にバレた話してねえよ
3779.0,3781.0,何そのハレンチが
3781.0,3783.0,渦巻いてるの
3783.0,3785.0,無理無理無理
3787.0,3789.0,小学生の話聞いて何が面白いの
3791.0,3793.0,マッタンがユーザーチャンネルに落ちたってさ
3793.0,3795.0,なんで知ってんのそれ
3795.0,3797.0,なんで知ってるの
3807.0,3809.0,ちょっと教えて
3809.0,3811.0,なんでマッタン言ったの自分で
3813.0,3815.0,どういうこと
3819.0,3821.0,メールが来ないって嘆いてた
3823.0,3825.0,だってまだあれでしょ
3825.0,3827.0,マッタンが放送で言ってたら次頑張ろう
3829.0,3831.0,発表されてねえのに
3835.0,3837.0,可愛すぎるだろ
3839.0,3841.0,これこれいなくなったのって写真
3841.0,3843.0,撮影断ったらサイオリにボコボコにされたかららしいぞ
3843.0,3845.0,医者料が50万だってさ
3849.0,3851.0,でも俺マッタン好きだからな
3851.0,3853.0,頑張ってほしいな
3853.0,3855.0,マジで
3855.0,3857.0,頑張ってほしいな
3859.0,3861.0,好きだから頑張っても
3861.0,3863.0,運営も落としたんだマッタンを
3865.0,3867.0,落ちましたっていう連絡が来たってこと
3867.0,3869.0,あなたは残念ながらってこと
3871.0,3873.0,どういうことそれ
3877.0,3879.0,あの人の考えたことは分かんないな
3881.0,3883.0,見てはないけど好きなんだ
3885.0,3887.0,マッタンって地味にいろいろやってるよね
3887.0,3889.0,合図バケツチャレンジとか
3889.0,3891.0,しかもそれ指名されてねえらしいぞ
3891.0,3893.0,勝手に始めて勝手に
3893.0,3895.0,誰も指名したんだっけ
3895.0,3897.0,ひでえよな
3897.0,3899.0,なんかおちょくってるよね
3899.0,3901.0,勝手に始めてしかも元から指名するんだよ
3903.0,3905.0,悪魔だよあれ
3905.0,3907.0,可愛い顔した
3907.0,3909.0,悪魔だよ
3911.0,3913.0,目覚ましてほしいよなマッタン
3913.0,3915.0,俺好きだから
3915.0,3917.0,ニコボー
3917.0,3919.0,この間マッタンライブ
3919.0,3921.0,あそうなんだ
3921.0,3923.0,ゆずかもチャンネル
3923.0,3925.0,なんでみんな知ってんの
3927.0,3929.0,クソ嬉しいけど
3931.0,3933.0,好きじゃねえから俺
3933.0,3935.0,好きじゃねえから俺
3935.0,3937.0,クソ嬉しいけど
3937.0,3939.0,俺サマーランド行ったことあるよ
3939.0,3941.0,今も忘れないよ
3941.0,3943.0,2007年の甲子園決勝の日
3943.0,3945.0,俺はサマーランドにいた
3947.0,3949.0,1回目の決勝戦のとき
3949.0,3951.0,引き分け最試合になる
3951.0,3953.0,試合延長15回まで
3953.0,3955.0,やってた試合
3955.0,3957.0,俺はサマーランドにいた
3957.0,3959.0,俺高校だけ興味ねえからさあんまり
3961.0,3963.0,2006年だっけ
3963.0,3965.0,7じゃなかったっけ
3965.0,3967.0,で友達がおい引き分け最試合だぞ
3967.0,3969.0,って騒いでたの覚えてるから
3971.0,3973.0,俺今でも忘れないよ
3973.0,3975.0,今日何月何日だっけ
3977.0,3979.0,夏休み終わっちゃうな
3979.0,3981.0,楽しかったな
3983.0,3985.0,マジで悲しい
3987.0,3989.0,マジで悲しい
3989.0,3991.0,本当に
3991.0,3993.0,リアルに
3993.0,3995.0,しゃあねえな
3999.0,4001.0,最近は俺
4001.0,4003.0,夏休みが終わっちゃうな
4003.0,4005.0,何が一番面白かった
4005.0,4007.0,ニコ生しかしてなかったからね
4009.0,4011.0,疲れたね
4011.0,4013.0,すごいネットに
4013.0,4015.0,ネットに疲れて
4015.0,4017.0,不自由なく過ごしました
4017.0,4019.0,皆さんもありがとうございました
4021.0,4023.0,なので
4023.0,4025.0,来週からね
4025.0,4027.0,みんなも
4027.0,4029.0,大学生はまだあれか
4029.0,4031.0,夏休み級か
4033.0,4035.0,通常運営に戻りますけど
4035.0,4037.0,週に2回ぐらいはやりますんで
4037.0,4039.0,週に2回
4039.0,4041.0,しょうもない雑談をする
4041.0,4043.0,生主に戻る
4043.0,4045.0,今日でも全く同じこと言ってた
4045.0,4047.0,でも実際そうだっただろ
4047.0,4049.0,俺の中でこの夏は
4049.0,4051.0,スペシャルだったからさ
4051.0,4053.0,かなり
4053.0,4055.0,なので
4055.0,4057.0,皆さんも楽しんでください
4057.0,4059.0,日々をね
4059.0,4061.0,日々を楽しんでください
4061.0,4063.0,それでは皆さんおつかれさまでした
4063.0,4065.0,寝ます
4065.0,4067.0,さようなら
